m=-1.000000	K=10000.000000
result=13960.511129	radius=1
