m=-1.000000	K=1000.000000
result=1398.756499	radius=1
