m=-1.000000	K=100.000000
result=142.555182	radius=1
