m=-1.000000	K=200.000000
result=282.144602	radius=1
