m=-1.000000	K=0.000000
result=0.697926	radius=22
