m=-1.000000	K=2.000000
result=22.586395	radius=70
m=-1.000000	K=2.500000
result=24.666307	radius=70
m=-1.000000	K=3.000000
result=26.675550	radius=69
