m=-1.000000	K=2.000000
result=12.213494	radius=1
m=-1.000000	K=2.500000
result=13.212872	radius=1
m=-1.000000	K=3.000000
result=14.218516	radius=1

