m=-1.000000	K=2.000000
result=5.225013	radius=1
m=-1.000000	K=2.500000
result=5.973899	radius=1
m=-1.000000	K=3.000000
result=6.713330	radius=1

