m=1.000000	K=2.000000
result=3.276036	radius=27
m=1.000000	K=2.500000
result=3.634531	radius=27
m=1.000000	K=3.000000
result=3.982923	radius=27

