m=1.000000	K=1000.000000
result=615.189100	radius=27
