m=1.000000	K=10000.000000
result=6127.594520	radius=27
