m=1.000000	K=200.000000
result=125.179440	radius=27
