m=1.000000	K=0.800000
result=2.260270	radius=25
m=1.000000	K=0.900000
result=2.375234	radius=26
m=1.000000	K=1.000000
result=2.480091	radius=26
m=1.000000	K=1.100000
result=2.582352	radius=26
