m=1.000000	K=2.000000
result=10.538310	radius=91
m=1.000000	K=2.500000
result=11.501494	radius=91
m=1.000000	K=3.000000
result=12.404793	radius=91
