m=1.000000	K=2.000000
result=6.888786	radius=59
m=1.000000	K=2.500000
result=7.538202	radius=59
m=1.000000	K=3.000000
result=8.150737	radius=59
