m=1.000000	K=100.000000
result=63.908274	radius=27
